0 278
0 585
0 988
0 168
0 215
0 112
0 267
0 384
1 613
1 502
1 542
1 406
1 61
1 546
1 489
1 719
1 181
2 495
2 326
2 230
2 824
2 713
2 65
3 388
3 191
3 45
4 889
4 429
4 10
4 338
4 559
4 903
4 730
4 44
5 593
5 688
5 394
5 887
6 501
6 373
7 68
7 659
7 682
7 347
7 54
7 288
7 563
8 959
8 658
8 709
8 361
8 70
8 686
8 113
8 901
8 972
9 796
9 868
9 646
10 264
10 779
10 216
10 0
10 648
10 585
10 666
10 116
10 85
10 93
10 361
11 229
11 440
11 868
11 214
11 333
11 6
11 839
12 902
12 612
12 183
12 874
13 962
13 266
13 529
14 659
14 4
14 361
14 80
14 799
15 645
15 929
15 535
15 576
15 622
15 341
15 592
15 845
15 745
15 837
15 272
16 363
16 98
17 988
17 384
17 311
17 975
17 55
17 649
17 598
17 112
18 476
18 121
18 266
18 262
18 372
18 653
18 832
19 696
19 134
19 591
19 337
20 852
20 621
20 361
20 451
20 514
20 314
20 163
21 765
21 359
21 405
21 424
21 718
22 961
23 788
23 935
23 171
23 908
23 517
23 42
23 4
24 895
24 55
24 608
24 393
24 621
25 960
25 774
25 939
25 784
25 744
25 818
25 386
25 356
25 829
25 156
26 653
26 361
26 142
26 459
27 24
27 603
27 315
27 484
28 262
28 476
28 777
29 40
29 21
29 167
29 684
30 782
30 896
30 38
30 743
30 837
31 105
31 988
31 85
31 187
31 826
31 266
31 267
31 215
31 619
31 659
31 476
32 197
32 286
32 666
32 701
32 801
32 658
32 453
32 267
32 400
33 891
33 310
34 758
34 915
34 536
35 721
35 624
36 813
36 292
36 1
36 545
36 281
37 122
38 902
38 868
38 127
39 853
39 887
39 603
39 281
39 751
39 58
40 197
40 307
40 264
40 13
40 311
40 701
40 97
41 70
41 677
41 31
41 421
41 180
41 616
42 305
42 738
42 735
42 644
42 373
42 707
42 241
42 914
42 654
42 83
42 737
42 571
42 934
43 125
43 770
43 646
43 781
43 991
43 377
43 953
43 793
43 398
44 427
44 920
44 78
45 464
45 242
45 642
45 776
46 972
46 418
46 995
46 612
46 876
47 229
48 472
48 29
48 937
48 274
48 551
49 871
49 652
49 337
49 952
49 387
49 534
49 198
49 835
49 211
49 72
50 109
50 806
50 468
51 358
51 779
51 860
51 481
51 770
51 229
51 273
51 7
51 647
51 893
51 691
51 805
51 184
51 422
51 334
52 68
52 205
52 348
52 440
53 407
53 41
53 290
53 921
53 764
53 88
54 99
54 653
54 777
54 85
54 959
54 278
54 384
54 187
54 311
54 112
54 563
55 777
55 28
55 85
55 902
55 121
55 311
55 99
55 105
55 476
55 262
55 266
55 659
56 367
56 223
57 320
57 129
57 127
57 176
57 855
57 145
57 921
58 865
58 410
58 311
58 597
59 823
59 409
59 266
59 609
59 342
59 777
59 942
59 975
59 334
59 514
60 129
60 569
60 713
60 814
61 62
61 348
61 640
61 537
61 381
62 171
62 862
62 460
62 125
62 261
62 805
62 967
63 655
63 801
63 624
63 595
63 386
64 51
64 426
64 109
64 209
64 899
65 387
65 296
65 645
65 590
65 272
66 149
66 711
66 120
66 415
67 250
67 100
68 519
68 55
68 262
68 659
68 585
68 407
68 116
68 158
68 962
68 342
68 649
68 372
69 910
69 7
69 31
69 758
69 872
69 803
69 725
69 44
69 154
69 127
69 903
70 18
70 384
70 278
70 99
70 116
70 216
70 284
70 55
71 722
71 908
71 759
72 398
72 971
72 679
72 430
72 815
72 145
73 131
73 306
73 271
74 250
74 305
74 578
75 51
75 917
75 87
75 55
75 976
75 849
75 157
75 750
75 689
76 264
76 400
76 787
76 619
76 185
76 222
76 976
76 813
76 682
77 262
77 621
77 855
77 239
77 740
78 765
78 273
78 781
79 714
79 277
79 603
79 515
80 959
80 902
80 753
80 105
80 832
80 552
80 976
80 801
80 649
80 916
80 158
80 252
81 475
81 992
81 585
81 67
81 866
81 258
81 259
82 771
82 941
82 338
82 797
82 138
83 691
83 759
83 143
83 396
83 723
83 4
83 43
83 680
83 693
83 304
83 881
84 948
84 529
84 876
84 635
84 28
84 920
84 452
84 856
84 918
85 902
85 28
85 105
85 777
85 121
85 753
85 476
85 311
86 278
86 902
86 984
86 721
86 197
86 920
86 503
86 502
86 560
86 216
86 284
86 286
86 665
86 338
86 18
86 400
86 299
86 979
86 360
86 461
86 264
86 842
86 658
87 179
87 125
87 70
87 243
87 621
87 349
87 860
88 475
88 708
88 228
88 36
88 714
88 202
88 913
89 802
89 119
89 433
89 785
89 840
90 562
90 860
90 118
91 755
91 958
92 666
92 917
92 51
93 365
93 434
94 264
94 423
94 916
94 453
94 187
94 777
94 832
94 519
94 842
95 839
95 910
95 10
95 562
95 646
96 192
96 361
96 206
96 329
96 79
96 861
97 264
97 598
97 405
97 974
97 923
97 327
98 268
98 391
98 316
98 647
98 954
98 498
99 105
99 777
99 902
99 311
99 85
99 28
99 121
99 266
99 476
99 659
100 302
101 725
101 568
101 330
101 91
101 549
101 294
101 661
101 413
102 158
102 312
102 120
102 964
103 103
104 595
104 304
104 758
104 441
104 624
104 733
105 476
105 28
105 777
106 251
106 921
106 212
106 191
106 776
107 794
107 575
107 193
107 271
107 786
107 857
107 478
107 643
108 302
108 640
108 427
108 192
109 846
109 429
109 768
109 741
109 978
109 836
110 585
110 638
110 743
110 761
110 380
110 493
111 158
111 400
111 809
111 59
111 671
112 267
113 522
113 609
113 828
113 881
113 129
113 781
113 285
113 254
114 250
114 126
114 9
114 966
114 13
115 568
116 988
116 0
116 384
116 262
116 902
116 55
116 653
116 28
116 659
116 266
116 715
116 80
116 158
117 262
117 654
117 637
117 37
117 425
117 999
118 358
118 269
118 745
118 57
118 808
119 26
119 109
119 841
119 438
119 562
120 563
120 976
120 619
120 777
120 959
120 384
120 18
120 266
120 365
120 831
120 609
121 311
121 476
121 28
121 105
121 826
121 777
122 342
122 911
122 323
122 937
123 46
123 441
123 653
124 327
125 405
125 653
125 252
125 105
125 365
125 609
125 923
125 326
125 243
125 434
126 8
126 900
126 877
127 264
127 503
127 139
127 991
127 651
128 909
128 539
128 278
128 101
128 482
128 756
129 434
129 823
129 920
129 609
129 28
129 651
129 960
129 725
129 11
129 754
129 654
130 990
130 924
130 280
130 904
130 463
130 363
130 388
130 178
130 236
130 206
130 549
130 998
131 522
131 806
131 529
131 831
131 421
132 157
132 421
132 499
132 49
132 513
133 462
133 311
133 262
134 100
134 158
134 166
134 273
134 943
134 959
134 698
134 301
135 964
135 784
135 634
135 29
135 147
135 605
135 498
135 692
136 813
136 13
136 469
136 213
136 392
136 755
136 757
136 192
136 674
136 559
136 758
136 349
136 893
136 100
136 608
136 917
136 537
136 759
136 977
136 283
137 137
138 138
139 314
139 243
139 125
139 757
139 557
139 394
139 500
139 601
139 229
139 51
140 140
141 282
141 655
141 744
142 962
142 823
142 495
142 215
142 187
142 755
142 917
142 471
143 192
143 327
143 97
143 343
143 582
143 559
143 781
143 403
143 516
144 0
144 54
144 832
144 68
144 215
144 462
145 297
145 61
145 607
146 781
146 927
146 521
147 410
147 83
147 981
147 469
147 271
148 45
148 92
148 786
148 799
148 726
148 16
148 869
148 555
148 704
148 22
148 663
149 948
149 410
149 715
149 163
149 317
149 651
149 768
149 702
150 440
150 884
150 906
150 94
150 580
151 250
151 853
151 109
151 784
152 75
152 692
152 271
152 835
152 745
153 411
153 311
154 250
154 648
154 54
154 935
154 360
154 919
154 177
154 654
154 204
155 267
155 408
155 611
155 172
155 535
155 152
156 830
156 842
156 410
156 80
156 119
156 181
157 896
157 591
157 4
157 693
157 662
157 887
157 689
157 718
157 918
158 262
158 476
158 659
158 112
158 266
158 187
158 916
158 552
158 563
158 495
159 94
159 451
159 975
159 809
159 427
159 722
159 306
159 475
159 910
159 238
159 133
159 35
159 624
159 184
159 334
159 336
159 621
160 360
160 758
160 265
160 805
161 742
161 934
162 708
162 45
162 41
162 90
163 649
163 503
163 257
163 755
163 862
163 506
163 192
164 262
164 978
164 291
164 449
164 982
164 699
164 181
164 523
164 131
165 995
165 379
165 264
165 964
165 863
165 643
166 297
166 179
166 615
166 865
166 120
166 582
166 10
166 434
167 552
167 473
167 890
167 461
167 524
167 788
167 97
167 238
167 559
167 410
167 889
167 159
167 471
168 384
168 112
168 267
169 80
169 40
169 26
169 128
169 195
169 968
170 920
170 316
170 688
170 104
171 902
171 0
171 250
171 405
171 167
172 902
172 91
172 513
172 590
173 278
173 80
173 648
173 777
173 503
173 257
173 451
173 426
174 350
175 298
175 993
175 119
175 836
175 741
176 489
176 746
176 689
176 94
176 363
177 69
177 763
178 80
178 448
178 933
178 276
178 931
178 91
178 290
178 225
179 502
179 453
179 86
179 121
180 997
180 343
180 33
180 568
180 485
181 658
181 864
181 574
181 255
181 774
181 543
181 95
181 925
181 151
181 61
181 520
181 170
181 378
182 8
182 18
182 400
183 185
183 995
183 909
184 80
184 993
184 902
184 858
184 307
184 17
184 470
184 393
184 142
184 343
184 860
184 791
185 813
185 112
185 495
185 916
185 384
185 168
185 372
185 55
185 715
185 502
185 18
186 902
186 392
186 664
186 839
186 638
187 777
187 105
187 902
187 311
187 659
187 753
187 99
187 55
187 476
187 85
187 28
187 121
188 902
188 983
188 791
188 254
188 884
188 240
188 439
189 539
189 864
189 415
189 730
189 40
189 687
189 960
190 278
190 144
190 896
191 648
191 636
191 217
192 314
192 787
192 522
192 823
192 31
192 144
192 600
192 609
192 475
193 421
193 143
193 686
193 155
194 405
194 299
194 304
195 793
195 966
196 75
196 939
196 50
196 617
196 402
197 753
197 653
197 278
197 31
197 407
197 185
197 560
197 721
197 299
197 979
197 658
197 284
197 461
197 423
198 198
199 434
199 779
199 732
199 768
200 582
200 724
200 953
200 237
200 209
200 74
200 664
200 992
200 901
200 816
201 408
202 402
202 34
202 607
202 235
202 926
202 521
202 815
202 30
202 353
202 726
202 101
202 996
202 483
203 273
203 495
203 582
203 630
203 328
203 946
203 702
203 109
204 848
204 120
204 962
204 32
204 831
204 87
204 528
205 451
205 326
205 434
205 216
205 691
206 616
206 346
206 924
206 938
207 225
207 579
208 80
208 166
209 6
209 896
210 519
210 906
210 83
210 333
210 87
210 802
210 702
211 853
211 360
211 537
211 478
212 961
212 268
212 718
212 911
213 962
213 250
213 314
213 524
213 100
213 460
213 755
213 505
213 983
213 71
213 889
213 452
213 948
213 722
213 621
213 943
214 559
214 136
214 461
214 71
214 304
214 657
214 23
214 396
214 424
214 418
214 877
214 580
214 646
214 395
215 384
215 585
215 168
215 278
215 988
215 267
215 112
216 959
216 80
216 222
216 158
216 648
217 102
217 91
218 109
218 276
218 879
218 661
218 227
218 812
218 354
219 770
219 784
219 634
219 217
219 926
219 915
219 778
219 678
219 572
220 615
220 849
220 664
220 411
220 699
220 390
220 939
220 56
221 812
221 661
221 60
221 34
221 824
221 444
221 287
221 518
221 29
221 963
221 631
222 988
222 777
222 215
222 826
222 252
222 116
222 801
222 715
222 648
222 976
222 158
222 962
222 342
222 372
222 31
222 80
222 495
222 552
223 429
223 615
223 216
223 347
223 581
224 360
224 175
224 766
224 432
224 287
224 670
225 612
225 893
225 13
225 845
226 997
226 620
226 766
226 717
226 643
227 80
227 175
228 415
228 805
228 341
228 819
228 804
228 751
228 857
229 906
229 344
229 168
229 890
229 962
229 801
229 920
229 630
230 285
230 700
230 251
230 371
231 20
231 466
231 5
231 73
231 130
231 739
232 686
232 377
232 702
232 841
232 268
232 961
232 109
232 817
232 419
232 210
233 99
233 768
233 522
233 653
233 929
234 311
234 384
234 801
234 659
234 216
234 299
234 405
234 286
234 920
234 284
235 873
235 875
235 482
235 518
235 951
235 135
235 628
235 73
236 646
236 997
236 104
236 946
237 974
237 372
237 343
237 238
237 703
237 371
237 882
238 347
238 13
238 349
238 731
238 624
238 307
238 469
238 389
238 848
238 948
238 422
238 805
239 197
239 59
239 246
239 481
240 314
240 693
240 508
240 960
240 993
241 86
241 765
241 496
241 418
241 83
242 691
242 181
242 22
242 287
242 212
243 86
243 630
243 659
243 503
243 665
243 506
243 10
243 615
243 208
243 344
243 609
244 302
244 22
244 637
245 773
246 744
246 104
246 542
246 719
247 144
247 613
247 639
247 685
247 921
248 423
248 682
248 323
249 249
250 659
250 777
250 959
250 976
250 179
250 473
250 70
250 522
250 682
250 895
250 412
250 288
250 780
250 257
250 974
250 709
250 865
251 788
251 801
251 909
251 709
251 252
251 427
251 516
251 415
251 748
252 476
252 384
252 215
252 278
252 267
252 902
252 99
252 121
252 311
252 988
252 813
252 477
252 666
252 116
253 614
253 951
253 913
253 27
253 279
253 161
253 60
253 569
254 171
254 392
254 6
254 157
255 839
255 352
255 460
255 543
256 842
256 886
256 792
256 941
256 30
256 22
257 302
257 80
257 826
257 405
257 234
257 775
257 511
257 709
257 179
258 356
258 206
258 833
258 772
258 672
258 773
258 778
258 897
258 319
259 977
259 8
259 235
259 417
260 746
260 763
260 476
260 414
260 195
261 979
261 311
261 780
261 297
261 10
261 890
262 476
262 311
262 85
262 826
262 659
262 266
262 902
262 105
262 187
262 121
262 777
262 99
263 382
263 529
263 777
263 168
263 852
263 361
263 910
263 820
264 619
264 962
264 826
264 653
264 659
264 552
264 648
264 519
265 255
265 391
265 905
266 105
266 659
266 85
266 311
266 28
266 187
266 476
266 777
266 121
266 902
267 267
268 940
268 811
268 301
268 836
268 149
269 148
269 855
269 599
270 846
270 143
270 261
270 997
270 152
271 783
271 601
271 539
271 734
271 118
271 463
272 31
272 314
272 254
272 212
272 14
273 801
273 361
273 942
273 988
273 264
273 262
273 112
274 285
274 323
274 82
274 89
275 826
275 977
275 930
275 67
275 773
275 973
275 678
276 237
276 649
276 99
276 846
276 485
277 35
277 486
277 473
277 768
278 168
278 112
278 384
278 267
279 570
279 794
279 3
279 280
279 2
279 952
279 107
279 944
279 767
279 485
279 708
280 389
280 393
280 673
281 982
281 706
281 87
281 642
282 706
282 838
282 114
283 511
283 943
284 519
284 552
284 400
284 405
285 366
285 918
286 962
286 400
286 453
286 409
286 284
286 779
286 360
286 909
286 630
286 197
286 302
286 327
286 920
286 503
286 18
286 979
286 701
286 299
286 560
286 423
286 842
286 461
286 264
287 103
287 502
287 969
288 116
288 753
288 0
288 384
288 600
288 780
288 426
288 890
289 453
289 293
289 350
289 259
289 927
289 660
289 694
289 115
289 247
290 32
290 460
290 65
290 545
290 276
290 225
290 245
290 867
291 187
291 214
291 486
291 189
291 442
291 501
291 960
292 284
292 461
292 80
292 185
292 976
292 909
292 94
292 906
292 595
292 184
293 698
293 964
293 111
293 134
293 934
293 914
293 657
293 584
293 811
293 124
293 882
293 396
293 564
293 486
293 75
293 377
293 214
294 267
294 455
295 295
296 700
296 682
296 973
296 597
296 242
296 224
297 495
297 342
297 920
297 278
297 665
297 630
297 511
298 11
298 990
298 856
299 988
299 105
299 495
299 384
299 311
299 54
299 18
299 779
299 979
300 11
300 850
300 91
301 557
301 375
301 671
301 882
301 124
301 340
302 85
302 649
302 962
302 407
302 832
302 813
302 372
302 563
302 409
303 511
303 184
303 979
304 601
304 525
304 509
304 698
305 832
305 423
305 393
305 85
305 584
305 44
305 591
306 848
306 943
306 910
306 862
306 893
306 184
307 18
307 993
307 347
307 615
307 666
307 392
308 53
308 16
309 718
309 768
309 994
310 703
310 134
310 856
310 738
310 200
310 896
310 157
310 763
310 285
310 871
310 129
310 441
310 584
311 476
311 777
311 105
311 28
312 334
312 476
312 872
312 539
312 103
312 209
312 940
312 293
312 896
312 436
312 44
312 584
312 547
313 40
313 109
313 702
313 149
313 850
313 853
313 119
314 653
314 405
314 187
314 753
314 286
314 552
314 86
314 701
314 112
315 861
315 607
315 874
316 887
316 126
316 1
316 688
316 246
317 865
317 974
317 775
317 779
317 17
317 490
317 13
318 839
318 738
318 580
318 654
318 312
318 310
318 291
318 126
318 251
318 298
318 442
318 134
318 6
318 611
318 613
319 371
319 755
319 878
320 902
320 630
320 222
320 243
321 889
321 550
321 204
321 784
322 838
322 344
322 193
323 48
323 117
323 369
323 567
323 89
323 445
323 368
323 937
323 558
324 41
324 89
325 393
325 589
325 242
325 402
326 476
326 311
326 619
326 560
326 407
326 32
326 94
326 895
326 451
326 76
326 120
326 780
326 179
326 831
327 585
327 959
327 801
327 278
327 423
327 779
327 909
327 338
327 18
327 185
327 302
327 453
327 409
327 658
327 787
327 405
327 560
328 981
328 75
328 644
328 718
328 838
328 525
328 4
328 237
328 298
328 418
328 189
328 571
328 371
328 795
328 214
328 396
328 737
328 318
328 516
329 517
329 472
329 484
329 958
330 573
330 995
331 542
331 984
331 889
332 364
332 988
332 864
332 746
332 924
333 460
333 74
333 887
333 377
333 418
333 340
334 512
334 52
334 348
334 133
334 852
334 691
335 103
335 967
335 489
335 61
335 223
335 437
336 426
336 121
336 264
336 916
336 307
336 809
336 7
337 114
337 190
337 962
337 465
338 407
338 959
338 477
338 384
338 342
338 372
338 476
338 116
338 962
338 779
338 453
338 630
338 284
338 286
339 298
339 982
339 172
339 480
340 52
340 179
340 166
340 94
340 725
340 251
340 940
340 441
340 486
340 312
340 442
340 953
340 903
341 798
341 325
342 158
342 976
342 80
342 832
342 31
342 666
342 477
342 563
342 715
342 966
342 552
342 495
343 105
343 54
343 31
343 394
343 505
343 452
344 31
344 920
344 68
344 966
344 327
344 801
344 278
344 85
344 873
345 683
345 628
345 447
345 467
345 354
345 487
346 95
346 147
346 446
347 706
347 257
348 477
348 777
348 262
348 317
348 640
348 828
349 721
349 0
349 813
349 653
349 85
349 757
349 595
349 352
349 475
349 889
350 471
351 610
352 909
352 361
352 358
352 451
352 278
352 288
352 787
352 495
353 247
353 672
353 101
353 629
353 798
353 851
354 828
354 438
355 283
355 422
355 273
355 791
355 809
355 647
355 700
355 537
356 216
356 746
356 104
356 378
356 696
356 581
356 164
356 449
356 386
356 504
357 632
357 243
357 355
358 257
358 76
358 706
358 865
358 70
358 473
358 462
358 434
358 120
358 993
358 451
358 858
359 306
359 370
359 283
359 755
359 639
359 791
359 317
359 167
359 352
359 355
359 382
359 500
360 826
360 777
360 31
360 54
360 116
360 187
360 619
360 267
360 168
360 234
361 976
361 32
361 582
361 522
361 873
361 993
361 598
361 923
361 173
361 890
361 426
361 705
361 288
361 76
362 966
362 823
362 154
362 251
362 505
363 506
363 688
363 608
363 560
363 308
364 189
364 700
364 246
364 810
364 688
365 187
365 665
365 842
365 671
365 709
365 615
365 582
365 347
365 166
365 635
365 426
365 257
365 993
365 873
366 920
366 519
366 780
366 384
366 365
366 759
366 469
367 338
367 46
367 699
367 164
367 443
367 465
368 38
368 239
368 342
369 382
369 957
370 495
370 216
370 273
370 13
370 35
370 624
370 440
370 394
370 893
371 765
371 35
371 582
371 842
371 394
371 759
371 257
371 157
372 54
372 116
372 342
372 80
372 477
372 429
372 715
372 648
372 563
372 158
372 832
372 962
372 984
372 31
372 966
372 801
372 649
373 187
373 264
373 502
373 267
373 86
373 763
374 820
374 750
374 83
374 217
374 985
374 236
375 208
375 906
375 910
375 273
375 608
375 765
375 524
375 757
375 758
376 355
376 556
376 824
376 678
376 596
376 339
376 211
376 642
376 444
376 513
377 451
377 394
377 895
377 371
377 509
377 305
378 720
378 414
378 439
378 156
378 411
378 449
378 95
378 888
378 443
378 364
378 66
378 784
378 390
378 699
378 870
379 644
379 403
379 529
379 953
379 301
380 443
380 880
381 619
382 423
382 906
382 635
382 185
382 715
382 828
382 87
382 755
382 943
382 983
382 490
383 116
383 395
383 877
383 371
383 340
383 578
383 793
383 396
384 112
384 267
385 471
385 877
386 475
386 677
386 490
386 519
386 696
386 255
387 224
387 589
387 710
387 907
388 826
388 796
388 852
388 304
389 906
389 895
389 31
389 700
389 691
389 213
389 755
389 770
389 475
389 317
390 372
390 721
390 524
390 720
390 356
390 542
391 157
391 121
391 507
391 910
391 460
391 925
392 721
392 366
392 512
392 755
392 348
392 283
392 24
392 514
393 895
393 136
393 917
393 348
394 942
394 665
394 473
394 984
394 979
394 779
394 359
394 471
394 505
394 788
395 923
395 273
395 671
395 359
395 517
395 124
396 557
396 69
397 547
397 748
398 677
398 721
398 983
398 872
398 126
398 301
398 611
398 442
398 418
398 204
398 373
398 991
399 553
399 314
399 386
399 518
399 692
399 499
399 650
399 485
400 215
400 342
400 116
400 832
400 701
400 197
400 405
400 327
401 673
401 526
401 467
401 176
401 638
401 212
401 625
401 569
401 938
402 612
402 964
402 931
402 590
402 652
402 614
403 706
403 158
403 187
403 473
403 658
403 655
404 856
404 207
404 807
405 813
405 85
405 55
405 715
405 112
405 407
405 826
405 286
405 360
406 817
406 537
406 753
406 962
407 342
407 916
407 54
407 966
407 252
407 552
407 158
407 372
407 666
407 976
407 563
407 495
407 429
407 984
407 813
407 477
407 832
407 31
407 80
407 801
407 648
407 649
407 962
407 715
407 222
407 116
408 461
408 852
408 343
408 801
408 278
409 630
409 299
409 721
409 779
409 405
409 920
409 560
409 360
410 70
410 349
410 910
410 192
410 213
410 100
410 601
410 393
410 24
410 757
411 465
411 381
411 357
411 386
411 543
411 437
412 453
412 495
412 979
412 920
412 384
412 166
412 705
412 865
412 288
412 890
412 975
412 906
412 823
413 309
413 902
413 604
414 640
414 99
415 436
415 305
415 74
415 525
415 657
415 781
415 707
415 690
415 703
416 421
416 134
416 343
416 474
416 555
417 554
418 512
418 988
418 706
418 55
418 522
418 731
418 126
418 550
419 438
419 565
419 268
419 841
419 114
419 109
420 420
421 966
421 190
421 375
421 682
421 61
421 523
421 729
421 699
422 0
422 311
422 503
422 426
422 700
422 791
422 908
422 724
422 427
422 595
423 801
423 916
423 215
423 407
423 585
423 988
423 909
423 400
423 721
423 920
423 658
423 461
424 514
424 384
424 693
424 646
424 496
425 323
425 551
425 712
425 248
425 558
426 600
426 873
426 10
426 94
426 890
426 775
426 923
426 993
426 865
426 120
426 823
426 166
426 70
426 434
426 257
426 243
426 671
426 975
426 705
426 451
426 326
426 508
426 706
426 582
426 895
426 682
427 344
427 55
427 407
427 608
427 139
427 490
428 524
428 183
428 170
428 364
428 774
428 131
429 55
429 585
429 85
429 902
429 28
429 105
429 777
429 477
429 158
429 31
429 222
429 832
429 813
429 342
430 179
430 997
430 446
430 740
431 881
431 402
431 172
431 808
431 146
431 899
431 245
431 932
431 92
431 607
431 260
432 151
432 410
432 510
433 995
433 910
433 138
433 957
433 558
434 916
434 85
434 721
434 619
434 813
434 552
434 831
434 942
434 179
434 70
434 923
435 361
435 70
435 541
435 443
435 282
435 56
436 659
436 595
436 171
436 418
436 103
436 940
436 718
436 263
437 811
437 383
437 210
437 648
437 59
438 40
438 243
438 179
438 50
439 347
439 109
439 462
440 54
440 144
440 338
440 86
440 537
440 51
440 352
440 809
440 860
440 788
440 382
441 813
441 166
441 667
441 373
441 611
441 796
441 748
441 113
441 23
441 644
441 371
441 44
441 383
441 856
441 154
441 403
442 505
442 9
442 189
442 111
442 539
442 11
442 967
442 703
442 441
442 383
442 251
442 129
443 580
443 320
443 939
443 520
443 784
443 905
443 104
443 699
443 742
444 697
444 582
444 513
445 354
445 999
445 248
445 244
445 324
445 637
445 558
445 937
446 994
446 254
446 292
447 553
447 773
448 601
448 428
448 510
448 989
448 212
449 173
449 942
449 514
449 719
449 925
449 982
449 46
449 782
449 439
450 850
450 527
450 504
450 968
450 430
450 808
450 22
451 909
451 461
451 715
451 858
451 76
451 780
451 890
451 434
451 831
451 70
451 598
451 250
451 506
451 314
451 365
451 671
451 179
451 344
452 701
452 360
452 133
452 647
452 229
452 52
452 13
452 370
452 529
453 215
453 563
453 116
453 0
453 267
453 400
453 302
454 9
454 204
454 597
454 363
455 966
455 803
455 654
455 186
456 84
456 328
456 11
456 126
456 227
457 531
457 243
457 690
457 600
458 830
458 800
458 575
458 752
458 64
458 669
458 764
459 595
459 334
459 17
459 192
459 481
459 100
459 805
460 121
460 250
460 453
460 18
460 278
460 459
461 311
461 168
461 777
461 966
461 215
461 407
461 85
461 302
461 665
461 787
462 477
462 560
462 495
462 121
462 360
462 813
462 384
462 503
462 400
463 578
463 250
463 80
464 190
465 853
465 23
465 846
465 32
465 523
466 327
466 759
466 330
466 861
467 452
467 716
467 777
467 108
468 76
468 52
468 748
468 190
468 114
468 836
468 268
468 562
468 741
468 419
468 119
469 426
469 18
469 865
469 144
469 976
469 582
469 59
469 389
470 809
470 805
471 85
471 112
471 842
471 908
471 59
472 459
472 366
472 23
472 381
472 246
473 473
474 407
474 896
474 813
474 841
474 721
475 18
475 671
475 278
475 630
475 598
475 216
475 653
475 262
476 753
476 777
477 753
477 55
477 988
477 99
477 54
477 832
477 966
477 68
477 813
477 80
477 222
477 801
478 612
478 151
478 157
478 132
479 508
479 120
479 852
479 335
480 907
480 534
480 290
481 715
481 619
481 360
481 125
481 257
481 168
481 166
481 522
482 124
482 28
482 547
482 899
483 657
483 539
483 208
484 136
484 574
484 276
484 147
484 497
484 599
485 10
485 559
485 583
485 225
485 684
486 593
486 126
486 693
487 547
487 215
487 776
487 922
488 687
488 836
488 950
488 924
488 79
488 761
488 534
489 512
489 418
489 741
489 702
490 709
490 197
490 250
490 264
490 360
490 791
490 192
491 953
491 417
491 402
491 568
491 545
491 684
491 19
491 510
492 210
492 584
492 975
492 827
492 430
493 20
493 732
494 750
494 942
494 768
494 407
494 713
495 262
495 988
495 659
495 753
495 85
495 99
495 121
495 585
495 0
495 55
495 715
496 908
496 758
496 35
496 920
496 54
496 653
496 865
496 940
497 657
497 582
497 447
498 498
499 583
499 186
499 39
499 479
499 218
499 771
499 77
499 41
499 931
499 3
499 374
499 130
500 974
500 407
500 252
500 288
500 99
500 908
500 639
500 334
500 159
500 977
501 360
501 327
501 522
501 473
501 150
501 612
501 11
501 664
502 495
502 988
502 158
502 105
502 721
502 284
502 423
502 909
502 658
502 400
502 286
503 916
503 267
503 659
503 80
503 0
503 715
503 976
503 984
503 563
504 621
504 856
504 737
504 540
504 443
505 974
505 975
505 563
505 86
505 17
505 647
505 334
505 828
505 142
506 284
506 706
506 582
506 144
506 831
506 775
506 923
506 890
506 288
506 32
506 873
506 858
506 326
506 609
506 173
506 598
506 70
506 462
507 344
507 519
507 630
507 302
507 895
507 508
507 347
507 187
508 197
508 975
508 993
508 682
508 179
508 942
508 120
508 361
509 529
509 881
509 285
510 59
510 719
510 243
510 659
511 585
511 197
511 125
511 506
511 705
511 923
511 94
512 215
512 473
512 916
512 262
512 18
512 51
512 159
512 52
512 910
513 164
513 155
513 743
513 431
513 227
513 926
514 361
514 80
514 705
514 777
514 988
514 136
514 142
515 81
515 951
515 822
515 875
515 491
515 153
515 734
516 469
516 59
516 54
516 250
516 920
516 895
516 436
516 723
516 103
516 177
516 578
517 893
517 895
517 919
517 278
517 462
517 372
517 748
517 126
517 84
518 803
518 379
518 889
518 299
518 554
518 714
519 215
519 619
519 168
519 585
519 278
519 112
519 988
519 267
519 0
519 384
520 689
520 282
520 939
520 188
520 356
521 881
522 407
522 813
522 360
522 923
522 890
522 76
522 358
522 682
523 896
523 422
523 159
524 370
524 306
524 7
524 674
524 97
524 133
524 919
524 935
524 292
524 349
524 507
524 908
524 343
524 13
525 724
525 71
525 659
525 371
526 582
526 301
526 636
527 527
528 724
528 537
528 706
528 250
528 864
528 846
528 781
528 871
528 564
528 436
528 415
529 609
529 889
529 343
529 159
529 375
530 334
530 1
530 537
530 707
531 903
531 441
531 687
531 200
531 75
531 517
531 129
531 6
531 111
531 667
531 972
531 611
531 143
531 856
531 918
531 69
531 209
531 516
532 651
532 547
533 418
533 962
533 386
533 261
534 451
534 796
534 657
534 818
535 506
535 33
535 577
535 589
535 91
535 607
535 786
535 590
535 814
536 331
537 671
537 709
537 112
537 252
537 409
537 805
537 893
537 677
537 352
538 538
539 901
539 689
539 21
539 373
540 585
540 375
540 486
540 149
540 962
540 255
541 522
541 273
541 357
541 428
541 367
541 520
541 465
541 742
542 414
542 316
543 282
543 774
543 223
543 265
543 175
543 439
543 541
543 295
543 1
544 286
544 586
544 955
544 792
544 952
545 598
545 587
545 172
546 144
546 474
546 170
546 697
547 336
547 214
547 965
547 611
547 698
547 887
547 74
547 525
547 803
547 154
547 531
547 662
547 793
547 995
547 960
547 103
547 738
547 593
548 945
548 33
548 321
548 799
548 554
548 387
548 494
548 773
548 985
548 19
548 236
549 461
549 504
549 750
549 465
550 666
550 317
550 919
550 70
550 375
550 648
550 646
550 730
551 178
551 274
551 840
551 797
552 266
552 902
552 168
552 959
552 372
552 801
553 134
553 514
553 523
553 541
553 696
553 131
553 379
553 255
554 868
554 559
554 124
554 202
554 638
555 35
555 777
555 99
555 731
556 294
556 549
557 476
557 709
557 158
557 167
558 597
558 999
558 712
558 82
558 840
558 637
559 68
559 658
559 326
559 125
559 635
559 731
559 359
560 916
560 99
560 666
560 979
560 216
560 284
560 461
560 299
560 453
561 156
561 891
561 449
561 877
562 953
562 872
562 977
562 830
562 741
562 961
562 702
563 753
563 278
563 659
563 959
563 28
563 902
563 813
563 648
563 68
563 976
564 908
564 99
564 334
564 809
564 531
564 662
564 687
565 700
565 328
565 314
565 573
565 783
566 801
566 630
566 541
566 523
566 859
567 937
567 368
567 840
567 122
567 999
567 551
568 164
568 960
568 602
568 925
569 569
570 520
570 536
570 685
570 885
570 661
570 590
570 556
570 963
570 456
570 64
570 907
571 87
571 187
571 409
571 639
571 302
571 624
571 214
571 664
572 472
572 644
572 958
572 236
573 215
573 531
573 200
573 547
573 20
573 707
574 698
574 342
574 892
574 641
574 63
575 811
575 14
575 945
575 145
575 987
575 256
576 393
576 587
577 361
577 479
577 672
577 281
577 885
577 941
577 38
578 375
578 87
578 264
578 171
578 633
578 241
578 486
578 750
578 802
578 8
579 283
579 348
579 21
579 56
579 618
580 846
580 693
580 62
580 395
580 83
580 965
580 251
581 839
581 611
581 114
581 848
581 424
581 282
582 409
582 32
582 895
582 635
582 705
582 179
582 906
583 874
584 302
584 509
584 940
584 591
584 328
584 811
584 795
584 304
584 657
584 646
584 887
584 127
584 750
584 707
585 278
585 112
585 384
585 267
585 988
585 168
586 238
586 441
586 664
586 10
586 123
587 283
587 931
587 833
587 535
587 912
587 685
587 726
588 968
588 271
588 861
589 898
589 176
589 146
589 399
590 678
590 2
590 484
590 812
590 740
590 148
590 206
590 607
591 424
591 633
591 664
591 811
591 849
591 525
591 871
591 251
591 62
591 373
591 846
592 784
592 508
592 247
592 745
592 498
593 639
593 721
593 342
593 759
593 674
593 475
593 876
594 909
594 344
594 96
595 158
596 591
596 979
596 800
596 224
596 275
596 308
596 968
596 484
597 972
597 527
597 94
597 589
597 90
598 28
598 666
598 511
598 179
598 609
598 243
598 257
598 508
598 975
598 780
598 144
598 942
598 326
598 923
598 682
598 314
598 412
598 906
598 208
598 635
598 775
598 434
598 261
599 265
599 625
599 72
599 448
599 713
600 552
600 461
600 361
600 365
600 775
600 975
600 173
600 10
600 243
600 257
600 831
600 473
600 522
600 974
600 451
600 906
600 873
601 758
601 108
601 809
601 59
601 142
601 366
601 507
601 770
601 674
601 935
602 595
602 352
602 109
602 423
602 78
603 547
603 686
603 431
603 110
603 169
603 936
604 185
604 914
605 633
605 933
605 493
605 956
606 796
606 51
606 154
606 458
606 485
606 747
606 752
607 934
607 136
607 587
607 482
607 388
608 993
608 208
608 158
608 600
608 842
608 0
608 286
608 709
609 920
609 121
609 222
609 187
609 777
609 842
609 659
609 262
609 105
609 208
610 22
611 983
611 17
611 222
611 803
611 662
611 237
611 901
611 383
611 578
611 150
611 157
611 113
611 62
611 134
612 522
612 919
612 32
612 908
612 382
612 648
612 940
613 288
613 361
613 765
613 302
613 241
613 103
613 373
613 730
613 965
613 654
614 498
614 599
615 508
615 297
615 93
615 314
615 261
615 94
615 70
615 506
615 923
615 975
615 288
616 648
616 819
616 869
617 983
617 407
617 664
618 878
619 0
619 278
619 267
619 215
619 988
619 168
619 384
619 112
619 585
620 782
621 453
621 257
621 85
621 382
621 459
621 700
621 930
621 427
622 548
622 256
622 534
622 458
622 58
622 275
623 961
623 656
623 636
624 120
624 691
624 306
624 410
624 17
625 564
625 762
626 176
626 535
626 60
627 627
628 7
628 965
628 534
628 851
628 431
629 650
629 290
630 976
630 121
630 461
630 360
630 658
630 502
630 560
630 909
630 400
631 51
632 179
632 419
632 50
632 817
632 313
632 203
632 268
632 190
633 136
633 167
633 21
633 584
633 189
633 69
633 732
634 268
634 657
634 608
635 327
635 121
635 185
635 495
635 31
635 976
635 384
635 286
635 288
635 506
635 326
635 473
635 942
636 713
636 260
636 271
636 760
636 281
636 594
636 130
636 341
636 951
637 174
637 494
637 143
637 324
638 342
638 7
638 734
638 604
638 337
638 607
638 819
639 215
639 805
639 469
639 375
640 635
640 563
640 906
640 166
640 490
640 139
641 71
641 234
641 890
641 181
641 540
642 203
642 311
642 221
642 922
642 727
643 505
643 8
643 777
643 100
644 209
644 914
645 897
645 879
645 661
645 669
645 794
645 623
646 80
646 609
646 779
646 415
646 209
646 662
646 901
646 127
646 934
646 263
647 705
647 529
647 809
647 475
647 349
647 908
647 757
647 917
647 490
647 507
647 142
647 935
647 35
647 512
647 621
648 585
648 653
648 267
648 68
648 715
648 552
648 495
648 54
648 649
648 962
648 80
648 252
648 429
648 966
648 984
648 916
649 28
649 99
649 85
649 988
649 476
649 777
649 168
649 826
650 348
650 657
650 423
650 809
651 895
651 238
651 552
651 429
651 243
651 179
651 6
651 593
651 69
652 870
652 791
652 953
652 397
652 822
652 91
653 112
653 585
653 215
653 619
653 278
653 168
653 384
653 988
653 267
653 0
653 519
653 959
654 502
654 461
654 731
654 159
654 234
654 133
654 301
654 157
654 972
654 611
655 691
655 557
655 0
655 788
655 823
655 215
656 724
656 595
656 859
657 919
657 908
657 286
657 400
657 788
657 910
657 278
657 310
658 28
658 105
658 311
658 80
658 252
658 267
658 619
658 563
658 286
658 503
658 400
658 842
658 560
658 185
658 264
658 338
659 311
659 105
659 85
659 476
659 777
659 902
659 121
659 28
660 965
660 858
660 838
660 603
660 642
661 883
662 910
662 213
662 35
662 893
662 68
662 237
662 730
662 914
662 550
662 995
662 896
662 442
662 291
663 476
663 421
663 580
663 240
664 621
664 640
664 757
664 470
664 100
664 884
664 396
665 429
665 407
665 902
665 984
665 959
665 476
665 311
665 266
665 753
665 264
665 909
665 409
666 262
666 278
666 585
666 826
666 753
666 105
666 121
666 85
666 648
666 68
666 477
666 916
666 222
666 801
666 832
666 116
667 361
667 635
667 403
667 486
667 662
667 664
667 539
668 599
668 351
668 242
668 499
668 694
668 879
668 455
668 554
668 767
668 329
669 640
669 852
669 855
669 515
669 60
670 873
670 179
670 376
670 837
671 54
671 31
671 405
671 495
671 286
671 609
672 347
672 151
672 484
672 610
672 827
673 984
673 335
673 550
673 822
673 57
673 734
674 842
674 788
674 213
674 17
674 71
674 889
674 749
674 711
674 366
674 765
674 349
674 348
674 943
674 306
674 876
674 935
674 229
674 930
674 317
674 24
674 860
674 595
675 551
676 946
676 787
676 66
676 476
677 640
677 273
677 100
678 667
678 154
678 237
678 163
679 255
679 983
679 796
679 167
680 828
680 848
680 273
680 509
680 990
680 573
680 84
680 811
680 732
681 437
681 382
681 370
681 278
681 708
681 492
682 552
682 832
682 55
682 959
682 105
682 121
682 993
682 93
682 831
683 327
683 639
683 856
683 163
684 776
684 970
684 388
684 277
685 745
686 216
686 890
686 237
686 646
686 509
686 525
687 791
687 422
687 126
687 424
688 26
688 666
688 222
689 69
689 591
689 21
689 877
689 686
689 436
690 292
690 979
690 7
690 765
690 503
690 80
690 327
690 298
691 55
691 326
691 582
691 917
691 52
691 159
691 71
691 621
691 469
691 17
691 935
691 292
691 343
691 213
691 142
691 677
692 578
692 42
692 593
692 750
692 736
693 993
693 612
693 877
693 940
693 111
694 862
694 641
694 751
694 230
694 233
694 308
694 39
695 9
695 984
695 930
695 753
696 696
697 504
697 164
697 381
697 414
697 542
697 527
697 175
697 870
697 618
697 364
697 620
697 240
697 357
698 70
698 288
698 873
698 923
698 706
698 366
698 909
698 689
699 781
699 720
699 356
699 878
699 543
699 223
699 364
699 465
699 95
699 282
699 25
699 439
699 240
699 63
700 347
700 264
700 31
700 429
700 85
700 327
700 297
700 55
701 302
701 979
701 360
701 216
701 461
701 409
701 185
702 76
702 229
702 370
702 725
702 333
703 687
703 340
703 403
703 846
703 872
704 654
704 991
704 272
705 976
705 338
705 453
705 234
705 179
706 653
706 31
706 813
706 979
706 648
706 116
706 671
706 709
707 158
707 338
707 653
707 469
707 375
707 410
707 908
707 732
708 658
708 327
708 180
708 907
708 201
708 933
709 942
709 434
709 906
709 120
709 609
709 297
709 858
709 775
710 213
710 474
710 218
711 582
711 307
712 791
712 539
712 377
712 957
713 849
713 273
713 3
713 346
713 374
713 968
713 544
714 709
714 121
714 981
714 87
715 168
715 28
715 85
715 311
715 959
715 777
715 266
715 187
715 99
715 966
715 976
715 649
715 563
716 975
716 344
716 209
716 71
716 327
716 995
717 470
717 108
717 635
717 695
718 701
718 559
718 451
718 943
718 848
718 192
718 796
719 984
719 890
720 7
720 109
720 546
720 379
720 183
720 744
720 25
720 829
720 579
721 311
721 966
721 266
721 653
721 701
721 284
721 560
721 286
721 302
721 779
721 658
721 400
721 216
721 405
721 909
721 461
721 630
721 503
721 299
721 18
722 705
722 80
722 502
722 76
722 635
722 361
722 906
722 470
722 389
722 884
723 158
723 820
724 187
724 858
724 213
724 601
724 908
724 238
724 557
724 348
724 917
724 624
724 889
724 283
724 935
724 490
724 307
725 292
725 344
725 757
725 389
725 426
725 99
725 753
726 31
726 28
726 253
727 304
727 716
727 669
727 952
728 949
728 119
728 364
728 401
728 652
729 718
729 113
729 304
729 553
729 888
730 505
730 765
730 7
730 51
730 136
730 900
730 129
730 373
730 871
731 552
731 959
731 476
731 158
731 326
731 229
732 658
733 383
733 412
733 422
733 624
733 428
733 697
733 411
734 358
734 496
734 918
734 187
735 918
735 882
735 802
735 718
735 163
735 126
735 78
736 411
736 7
736 234
736 974
737 288
737 477
737 621
737 495
737 20
737 918
737 896
737 992
737 285
737 486
737 868
738 779
738 136
738 882
738 872
738 946
738 517
738 436
738 644
739 502
739 680
739 770
739 468
740 795
740 889
740 732
740 16
740 22
740 835
740 599
741 119
741 830
742 602
743 828
743 867
744 900
744 902
744 86
744 619
744 177
745 919
745 260
745 480
745 101
746 911
746 695
746 428
746 620
746 546
746 574
746 61
746 733
746 183
747 132
748 910
748 813
748 113
748 8
748 732
748 403
748 662
749 18
749 116
749 709
749 842
749 671
749 809
749 595
749 514
749 977
749 884
749 317
750 13
750 689
750 237
750 953
750 150
751 810
751 17
751 741
751 593
752 471
752 367
752 916
752 360
753 659
753 826
753 266
753 777
753 99
753 55
753 311
753 121
753 28
753 902
753 262
753 105
754 238
754 715
754 229
754 338
754 943
754 154
755 412
755 709
755 288
755 179
755 721
755 384
755 462
755 512
756 598
756 114
756 305
757 522
757 860
757 59
757 828
757 852
758 659
758 671
758 962
758 52
758 307
758 460
758 930
758 205
759 166
759 585
759 619
759 959
759 979
759 506
759 848
759 51
759 862
759 765
759 336
760 969
760 855
760 555
760 740
760 385
761 418
761 542
761 650
761 814
761 79
761 101
761 482
762 667
762 272
762 148
762 980
762 776
762 14
762 464
762 684
762 478
762 650
763 805
763 524
763 441
763 42
763 371
763 383
763 157
763 44
763 377
763 664
763 486
764 56
764 35
764 124
764 291
764 432
764 81
765 257
765 495
765 18
765 76
765 112
765 125
765 860
765 943
765 136
765 382
765 283
766 821
766 845
766 854
767 805
767 630
767 982
768 124
768 849
768 514
768 639
768 755
768 557
769 104
770 384
770 511
770 409
770 222
770 365
770 647
770 700
770 349
770 452
770 460
770 133
770 893
771 309
771 624
771 187
771 950
772 465
772 878
772 715
772 443
773 333
773 616
773 638
773 128
773 694
773 572
773 626
773 196
774 818
774 520
774 156
774 170
774 421
774 541
774 810
774 699
774 183
775 284
775 400
775 360
775 55
775 121
775 278
775 701
775 895
776 705
776 208
776 934
776 544
777 777
778 628
778 789
778 337
778 388
778 998
778 996
778 447
778 211
778 912
778 745
778 545
779 31
779 112
779 85
779 168
779 453
779 920
779 979
779 86
779 665
779 461
779 400
779 842
779 302
779 787
779 502
779 264
780 423
780 409
780 55
781 264
781 213
781 121
781 441
781 748
781 189
782 435
782 472
782 742
782 381
782 223
782 66
782 697
782 982
782 574
782 386
783 266
783 6
783 426
783 718
783 395
783 495
784 644
784 667
784 126
784 769
784 223
784 362
785 369
785 248
785 138
785 551
785 122
785 324
785 244
786 301
786 239
786 605
787 264
787 453
787 701
787 185
787 979
787 423
787 286
787 400
787 299
787 216
787 721
787 909
788 55
788 87
788 336
788 700
788 893
788 529
788 307
788 273
788 460
789 982
789 84
789 794
790 352
790 355
790 975
790 809
791 264
791 615
791 923
791 975
791 31
791 93
791 412
791 563
791 601
791 348
792 553
792 90
792 289
793 469
793 507
793 635
793 17
793 453
793 28
793 372
794 794
795 573
795 74
795 896
796 608
796 311
796 595
796 984
796 133
796 6
796 395
796 725
796 887
796 516
797 257
797 117
798 780
798 362
798 833
798 772
799 439
799 310
799 179
799 649
800 460
800 39
800 182
800 444
800 786
800 487
801 55
801 495
801 116
801 715
801 429
801 984
801 68
801 976
801 966
801 252
801 648
801 342
801 54
801 31
801 649
801 962
801 832
801 563
801 158
802 601
802 266
802 389
802 991
802 990
802 903
802 960
802 981
803 167
803 979
803 529
803 522
803 184
803 598
803 615
804 644
804 719
804 24
805 99
805 974
805 630
805 85
805 948
805 375
805 512
805 711
805 647
805 159
805 977
805 452
805 640
805 273
805 601
806 216
806 200
806 706
806 917
806 481
806 978
806 468
806 419
806 149
807 807
808 810
809 261
809 522
809 278
809 621
809 452
809 460
809 788
809 935
809 852
810 706
810 159
810 257
810 302
810 405
811 890
811 838
812 687
812 197
812 158
812 556
812 201
813 384
813 168
813 826
813 215
813 55
813 585
813 552
813 68
813 158
813 80
813 54
813 976
813 801
813 372
814 571
814 835
814 629
814 954
814 825
814 145
814 998
814 771
814 329
814 924
814 933
814 947
815 719
815 28
815 673
815 432
816 758
816 706
816 17
816 422
816 93
816 563
816 644
817 501
817 80
817 908
817 18
817 309
817 109
817 268
817 961
818 209
818 880
818 251
818 24
818 523
819 900
819 13
819 730
819 901
820 573
820 839
820 200
820 584
821 359
821 83
821 997
821 399
822 472
822 331
822 532
823 327
823 423
823 453
823 552
823 168
823 185
823 116
823 508
823 243
824 228
824 898
824 875
825 664
825 435
826 266
826 311
826 777
826 28
826 659
826 187
826 99
826 85
826 476
826 105
826 902
826 55
827 224
827 617
827 530
827 152
827 985
828 942
828 979
828 582
828 475
828 389
828 394
828 392
828 349
828 59
828 24
828 917
828 97
828 700
828 948
828 639
829 68
829 349
829 659
829 278
829 757
830 940
830 967
830 884
830 105
830 994
830 203
830 853
831 121
831 234
831 105
831 185
831 779
831 461
831 299
832 0
832 55
832 187
832 619
832 826
832 121
832 215
832 653
832 311
832 384
832 495
832 222
833 878
833 819
833 193
833 650
833 64
833 2
833 245
833 363
834 867
834 879
834 915
834 947
834 60
834 401
835 340
835 40
835 641
835 434
835 332
835 622
836 738
836 896
836 687
836 801
836 108
836 442
836 830
836 50
837 971
837 430
837 77
837 230
838 85
838 858
838 121
838 460
838 646
839 168
839 630
839 85
839 691
839 112
839 405
839 813
840 595
840 818
840 461
841 384
841 862
841 361
841 754
842 563
842 560
843 404
844 65
844 575
844 178
844 804
844 752
844 924
844 588
844 219
844 692
844 827
844 57
845 633
845 953
845 781
846 537
846 94
846 943
846 887
846 395
846 877
846 442
846 496
846 995
846 803
846 403
847 119
847 832
847 992
847 571
847 754
848 453
848 125
848 382
848 192
848 852
849 770
849 648
849 737
850 700
850 468
850 806
850 149
850 994
850 109
850 190
850 741
851 654
851 661
851 617
852 801
852 700
852 142
852 343
853 51
853 268
853 468
853 203
853 309
853 850
854 278
854 891
854 43
855 557
856 649
856 307
856 473
856 405
856 860
856 252
856 525
856 301
857 441
857 128
857 515
857 330
858 813
858 55
858 619
858 70
858 706
858 297
858 923
858 426
858 600
858 705
858 261
859 35
859 590
859 603
860 813
860 890
860 502
860 86
860 372
860 842
860 461
860 666
861 126
861 699
861 136
861 120
861 3
861 684
862 105
862 234
862 979
862 216
862 948
862 935
862 852
863 364
863 591
863 396
863 399
863 315
863 736
863 827
864 24
864 359
864 508
864 635
864 166
864 500
864 304
865 429
865 168
865 93
865 361
866 520
866 31
866 923
866 195
867 310
867 0
867 95
867 159
868 755
868 842
868 32
868 410
868 655
868 305
868 143
868 20
868 298
869 97
869 751
869 660
869 53
869 174
869 743
869 834
869 713
870 0
870 163
870 357
870 255
870 729
870 546
870 56
870 579
871 935
871 813
871 615
871 698
871 285
871 901
872 585
872 503
872 326
872 142
872 948
872 403
872 20
872 75
872 42
872 611
872 856
873 826
873 197
873 976
873 327
874 415
874 306
874 912
875 342
875 860
875 499
875 72
875 938
875 676
875 616
875 351
876 451
876 342
876 865
876 755
876 393
876 514
876 133
876 470
876 860
876 700
876 459
876 136
876 283
876 559
876 375
876 677
876 910
876 167
876 392
876 352
877 977
877 529
877 791
877 400
877 757
877 94
877 97
877 436
878 87
878 238
878 66
879 291
879 688
879 719
879 147
879 913
880 347
880 112
880 305
880 887
880 946
880 838
880 850
881 842
881 983
881 609
881 26
881 127
881 214
881 914
881 680
881 803
881 312
881 442
882 459
882 524
882 229
882 791
883 439
883 10
883 277
883 663
883 745
884 342
884 302
884 709
885 381
886 829
886 488
887 755
887 216
887 823
887 900
888 948
888 893
888 71
888 338
888 367
888 818
888 620
889 753
889 682
889 902
889 962
889 959
889 984
889 28
889 405
890 658
890 125
891 769
892 406
892 699
892 742
892 641
893 813
893 365
893 506
893 511
893 264
894 848
894 155
894 47
894 535
894 875
894 956
894 172
894 685
894 921
894 751
895 68
895 400
895 158
895 979
895 451
895 93
896 7
896 384
896 706
896 213
896 18
896 68
896 4
897 288
897 342
898 421
898 707
898 110
898 432
898 287
898 397
899 357
899 146
900 757
901 299
901 503
901 342
901 13
901 893
901 481
902 121
902 105
902 777
902 311
902 28
902 476
903 502
903 781
903 377
904 35
904 237
904 995
905 357
905 742
905 733
905 543
905 316
905 620
905 61
905 892
905 391
906 10
906 975
906 243
906 32
906 831
906 451
906 70
906 347
906 326
906 823
906 506
907 780
907 241
907 6
907 399
907 147
907 287
907 277
907 683
908 86
908 452
908 758
909 168
909 826
909 777
909 813
909 715
909 68
909 916
909 31
910 787
910 649
910 585
911 222
911 641
911 847
911 870
911 891
911 719
911 282
911 364
911 729
911 357
912 141
912 808
912 938
912 493
913 520
913 183
913 379
913 673
914 68
914 943
914 278
914 69
914 26
914 802
914 415
914 654
915 915
916 777
916 959
916 99
916 753
916 267
916 832
916 984
916 813
916 801
917 243
917 842
917 93
917 809
917 481
917 884
917 213
917 349
917 292
917 427
917 919
918 209
918 124
918 698
918 611
918 995
918 143
918 578
918 693
918 298
918 129
918 796
918 723
918 398
918 304
919 222
919 360
919 506
919 630
920 168
920 278
920 902
920 666
920 959
920 252
920 85
920 372
920 55
921 306
921 114
921 190
921 335
921 561
922 159
922 52
922 222
922 429
923 112
923 28
923 902
923 105
923 197
923 54
923 909
923 222
923 477
923 906
924 618
924 762
924 402
924 912
925 154
925 419
925 268
925 143
925 85
925 335
926 166
926 826
926 459
926 624
926 855
927 994
927 920
927 105
927 616
927 554
927 217
927 245
928 184
928 335
928 62
928 764
929 946
929 166
929 131
929 872
929 616
930 666
930 427
930 848
930 213
930 608
930 917
930 392
930 355
930 382
931 717
931 544
931 276
931 339
931 607
931 950
931 786
931 804
931 186
931 606
931 569
932 252
932 311
932 456
933 1
933 759
933 16
934 261
934 667
934 44
934 69
934 763
934 613
934 651
934 340
934 584
934 318
934 150
934 877
934 442
934 689
934 291
934 698
934 995
935 682
935 284
935 372
935 158
935 344
935 705
935 427
935 977
936 754
936 695
936 119
936 875
937 303
938 722
938 372
938 691
938 804
938 821
939 159
939 151
939 474
939 295
939 390
939 818
939 888
939 164
939 982
939 406
939 449
940 405
940 858
940 838
940 528
940 820
941 100
941 953
941 889
942 777
942 99
942 813
942 658
942 158
942 906
942 361
943 338
943 705
943 99
943 384
943 93
943 560
943 621
943 601
944 305
944 222
944 472
944 993
945 632
945 246
945 760
945 766
946 889
946 278
946 715
946 665
946 215
946 17
946 640
946 646
947 744
947 746
947 749
947 892
948 358
948 453
948 775
948 842
948 215
948 658
948 261
948 167
948 505
949 709
949 10
949 200
949 23
949 46
950 453
950 418
950 868
950 302
950 29
951 105
951 609
951 10
951 605
951 739
951 642
952 292
952 962
952 866
952 812
952 922
952 945
952 708
953 266
953 112
953 595
953 852
953 881
953 703
954 94
954 699
954 396
954 209
955 879
955 668
955 236
956 68
956 782
956 293
956 514
957 599
957 323
957 248
957 785
958 239
958 141
958 242
959 278
959 0
959 619
959 585
959 215
959 519
959 384
959 112
959 168
959 267
959 988
960 99
960 665
960 828
960 348
960 159
960 213
960 86
960 44
961 975
961 134
961 872
962 168
962 659
962 28
962 267
962 826
962 476
962 585
962 187
962 519
962 112
962 988
963 56
963 76
963 526
963 931
964 392
964 312
964 732
964 795
964 839
964 83
964 856
964 496
964 547
964 442
964 934
964 680
964 418
964 644
965 317
965 121
965 816
965 189
965 868
965 763
965 237
965 42
965 84
965 738
965 686
965 143
966 187
966 384
966 85
966 959
966 777
966 902
966 988
966 476
966 266
966 649
966 976
966 666
967 358
967 600
967 338
967 179
967 748
967 285
968 149
968 686
968 553
968 155
969 991
969 646
969 68
969 21
970 693
970 215
970 415
970 247
970 554
971 296
971 289
971 258
971 533
971 798
971 29
972 452
972 700
972 334
972 283
972 647
972 826
973 763
973 264
973 235
973 128
974 372
975 832
975 266
975 0
975 649
975 619
975 85
975 988
975 264
975 409
975 361
976 112
976 619
976 266
976 28
976 168
976 105
976 99
976 267
976 384
976 311
976 278
977 460
977 876
977 459
977 559
977 507
977 167
977 17
977 306
977 355
977 983
978 392
978 473
978 360
978 803
979 55
979 902
979 266
979 519
979 105
980 340
980 121
980 674
980 372
981 51
981 930
981 508
981 410
981 988
982 811
982 529
982 288
982 995
982 892
982 282
982 364
982 542
983 619
983 724
983 306
983 770
983 791
983 470
983 410
983 749
983 52
983 524
984 121
984 262
984 826
984 753
984 187
984 85
984 28
984 215
984 105
984 278
985 169
986 502
986 925
986 696
986 88
987 455
988 267
988 278
988 168
988 384
988 112
989 792
989 751
989 554
990 709
990 848
990 749
990 452
990 916
990 514
991 257
991 18
991 715
991 400
991 307
991 832
991 948
992 848
992 284
992 340
992 436
992 26
992 738
992 134
992 763
992 305
992 667
992 796
993 984
993 462
993 125
994 506
994 880
994 702
994 232
994 768
994 817
994 203
995 24
995 412
995 453
995 979
995 68
995 940
995 44
996 560
996 768
996 213
997 365
997 166
997 609
998 834
999 234
999 340
999 603
999 122
999 433
