0 126
0 144
0 42
1 237
1 0
1 126
2 230
2 118
3 3
4 215
4 37
5 171
5 118
6 6
7 237
7 0
7 14
8 118
8 230
9 193
10 118
10 171
11 74
11 38
11 216
11 232
11 100
12 118
12 134
13 118
13 134
14 126
14 0
14 1
15 171
15 134
16 230
16 171
17 71
18 271
18 24
18 20
18 52
18 40
19 217
20 271
20 24
20 40
21 150
21 119
22 9
23 23
24 290
24 271
25 118
25 134
26 171
26 118
27 27
28 109
29 29
30 171
30 230
31 109
32 0
32 14
32 126
33 33
34 230
34 171
35 134
35 230
36 230
36 118
37 97
37 150
37 178
38 38
39 229
40 24
40 271
41 41
42 1
42 237
42 14
43 134
43 118
44 44
45 134
45 230
46 46
47 134
47 118
48 0
48 1
48 126
49 118
49 134
50 71
51 119
51 178
51 180
52 40
52 271
52 24
52 20
53 268
54 82
55 230
55 134
56 171
56 118
57 230
57 171
58 230
58 171
59 230
59 134
60 134
60 230
61 61
62 176
63 118
63 134
64 230
64 118
65 1
65 237
65 0
66 262
66 275
66 97
66 4
66 272
66 215
66 37
67 118
67 230
68 118
68 230
69 230
69 118
70 230
70 171
71 176
72 111
73 73
74 194
74 232
74 38
75 229
76 230
76 118
77 77
78 78
79 126
79 237
79 0
80 230
80 171
81 134
81 171
82 9
83 134
83 230
84 111
85 85
86 230
86 134
87 134
87 230
88 188
89 134
89 118
90 90
91 134
91 118
92 134
92 118
93 93
94 134
94 118
95 171
95 118
96 237
96 14
96 0
97 178
97 150
97 272
97 275
97 119
97 262
97 4
98 134
98 118
99 99
100 38
100 216
100 194
100 74
100 232
101 82
102 102
103 118
103 230
104 104
105 230
105 134
106 118
106 230
107 118
107 171
108 118
108 134
109 111
110 71
111 263
112 230
112 118
113 113
114 109
115 118
115 134
116 230
116 118
117 134
117 118
118 134
118 233
119 66
119 4
119 272
119 275
119 262
119 215
119 37
120 126
120 237
120 1
121 118
121 134
122 247
122 136
122 259
122 273
123 134
123 230
124 118
124 134
125 134
125 230
126 144
126 42
126 96
127 119
127 178
128 118
128 171
129 134
129 171
130 230
130 134
131 188
132 132
133 171
133 134
134 171
134 233
135 188
136 273
136 243
136 183
137 119
137 150
138 237
138 126
138 0
139 139
140 134
140 230
141 141
142 134
142 230
143 134
143 171
144 237
144 14
144 1
145 145
146 111
147 134
147 171
148 171
148 134
149 237
149 14
149 0
150 66
150 4
150 272
150 275
150 119
150 262
150 215
151 109
152 118
152 230
153 134
153 171
154 53
154 221
155 230
155 134
156 156
157 0
157 14
157 126
158 118
158 134
159 159
160 109
161 161
162 111
163 0
163 14
163 237
164 230
164 118
165 134
165 230
166 166
167 118
167 230
168 188
169 119
169 150
169 182
169 97
169 178
170 118
170 134
171 230
171 118
172 176
173 173
174 174
175 175
176 229
177 177
178 262
178 119
178 272
178 66
178 275
178 4
178 150
179 71
180 97
180 178
181 118
181 171
182 150
182 119
182 178
182 97
183 122
183 247
184 111
185 185
186 230
186 171
187 187
188 111
189 0
189 14
189 126
190 118
190 134
191 171
191 118
192 1
192 237
192 0
193 82
194 38
194 232
194 11
195 118
195 134
196 118
196 134
197 230
197 171
198 230
198 171
199 199
200 111
201 230
201 171
202 202
203 203
204 204
205 0
205 126
205 14
206 118
206 171
207 231
208 109
209 118
209 230
210 71
211 171
211 118
212 171
212 134
213 171
213 134
214 134
214 230
215 178
215 97
215 37
216 74
216 38
216 232
216 194
217 217
218 118
218 171
219 219
220 220
221 53
222 171
222 118
223 118
223 171
224 230
224 171
225 225
226 118
226 230
227 227
228 230
228 118
229 71
230 118
230 134
231 231
232 38
233 171
233 230
234 178
234 119
235 171
235 118
236 229
237 14
237 126
237 0
238 111
239 82
240 118
240 230
241 111
242 134
242 230
243 273
243 122
243 183
244 188
245 134
245 171
246 237
246 126
246 14
247 243
247 273
247 136
247 259
248 248
249 249
250 237
250 126
250 0
251 230
251 118
252 230
252 134
253 253
254 176
255 150
255 178
255 234
256 71
257 118
257 171
258 258
259 136
259 273
259 243
259 183
260 171
260 230
261 261
262 4
262 215
262 37
263 188
264 264
265 97
265 119
265 137
266 266
267 109
268 154
268 221
269 230
269 134
270 97
270 119
270 169
270 182
270 150
270 178
271 271
272 4
272 262
272 215
272 37
273 183
274 111
275 262
275 4
275 272
275 215
275 37
276 126
276 237
276 1
277 134
277 118
278 171
278 134
279 134
279 171
280 280
281 134
281 118
282 126
282 1
282 0
283 283
284 171
284 118
285 271
285 52
285 20
285 24
285 40
285 18
286 230
286 134
287 237
287 14
287 126
288 288
289 289
290 20
290 285
290 18
290 52
290 271
290 40
291 171
291 118
292 292
293 293
294 230
294 134
295 230
295 118
296 134
296 230
297 178
297 97
297 270
297 182
297 169
298 118
298 134
299 230
299 118
