0 232
0 745
0 624
0 976
0 845
0 380
0 794
0 68
0 853
1 1
2 949
2 587
2 781
3 287
3 9
4 454
4 422
4 939
4 15
4 602
4 109
5 39
5 197
6 6
7 7
8 114
8 235
9 366
9 813
10 85
10 283
10 796
11 103
11 93
12 12
13 225
13 960
13 326
14 927
14 906
14 100
14 931
15 994
15 428
15 414
15 52
15 422
16 958
16 459
17 355
17 186
17 547
17 99
18 342
18 40
18 875
18 26
18 664
18 558
18 907
18 517
19 199
19 177
19 261
20 212
20 969
21 21
22 125
22 500
22 268
22 672
22 62
22 214
22 882
23 23
24 698
24 915
24 783
24 669
24 792
24 458
25 844
25 685
26 533
26 378
26 670
26 558
26 390
26 894
26 368
26 816
27 27
28 882
28 500
28 759
28 485
28 214
28 125
28 62
29 632
29 716
30 30
31 31
32 32
33 659
33 803
33 320
34 900
34 845
34 613
34 232
34 679
34 0
34 574
34 794
34 68
35 404
35 98
36 88
36 604
36 400
37 176
37 452
37 982
37 458
37 669
37 915
38 311
38 143
39 106
39 187
40 558
40 517
40 704
40 546
40 26
40 992
40 987
40 484
41 373
41 156
41 359
42 105
42 112
43 722
43 61
44 364
44 596
44 265
45 0
45 888
45 362
45 747
45 902
45 77
45 503
45 976
45 853
46 182
46 826
47 88
47 86
47 467
48 560
48 712
49 49
50 146
50 572
50 250
51 51
52 488
52 939
52 602
52 4
52 121
52 454
52 994
52 461
53 415
53 947
53 987
53 378
53 371
53 590
53 79
53 875
54 792
54 669
54 638
54 37
54 991
54 957
55 163
55 70
56 547
56 829
56 910
56 355
57 57
58 709
58 952
58 411
59 927
59 316
59 306
59 100
60 192
60 515
61 549
61 973
62 964
62 882
62 500
62 672
62 545
62 741
62 125
63 920
63 844
64 658
64 932
64 847
64 304
64 756
65 341
65 250
65 183
66 539
66 355
66 122
66 17
67 171
67 261
67 199
68 715
68 380
68 120
68 574
68 237
68 769
68 200
68 750
68 726
69 925
69 631
70 508
70 255
71 299
71 780
71 320
72 660
72 820
73 163
73 948
74 68
74 574
74 610
74 715
74 888
74 237
74 902
74 131
74 45
75 252
75 138
76 980
76 329
76 921
77 745
77 613
77 726
77 0
77 362
77 976
77 610
77 74
77 131
78 511
78 75
79 419
79 894
79 816
79 553
79 558
79 40
79 987
79 590
80 803
80 67
80 177
81 480
81 848
81 350
82 322
82 781
83 883
83 333
83 724
83 387
83 863
83 855
83 150
83 995
84 84
85 283
85 562
85 796
85 365
85 443
86 36
86 877
86 695
87 782
87 215
88 578
88 256
88 86
89 593
89 891
90 90
91 220
91 761
91 954
92 160
92 670
92 79
92 553
92 558
92 378
92 18
92 26
93 568
93 989
94 528
94 654
94 554
95 636
95 578
95 467
96 785
96 344
96 615
96 193
97 887
98 318
98 147
99 56
99 66
99 910
99 945
100 395
100 168
100 316
100 385
101 989
101 29
102 102
103 322
103 948
104 104
105 824
105 130
106 89
106 115
107 836
107 596
107 807
108 601
108 851
109 994
109 602
109 428
109 454
109 414
109 488
109 121
109 15
110 110
111 956
111 692
111 491
111 424
112 184
112 462
113 441
113 528
113 71
114 217
114 767
115 5
115 404
116 116
117 841
117 744
118 138
118 252
119 119
120 845
120 610
120 45
120 380
120 791
120 131
120 679
120 34
120 715
121 749
121 4
121 602
121 488
121 454
121 994
121 461
121 15
122 829
122 910
122 99
122 539
123 298
123 686
124 969
124 204
125 268
125 672
125 485
125 545
125 741
125 625
125 882
126 773
126 881
127 200
127 750
127 45
127 747
127 679
127 34
127 610
127 845
127 888
128 906
128 395
128 923
128 927
129 618
129 230
129 225
130 979
130 297
131 200
131 679
131 888
131 232
131 429
131 161
131 574
131 791
131 902
132 75
132 205
133 555
133 813
134 330
134 96
134 821
134 648
134 193
134 301
135 339
135 247
136 694
136 370
136 91
137 46
137 823
138 463
138 78
139 139
140 140
141 493
141 596
141 302
142 261
142 659
142 80
143 748
143 135
144 749
145 245
145 612
146 868
146 974
146 486
147 594
147 891
148 148
149 149
150 333
150 863
150 855
150 724
151 300
151 940
152 297
152 595
153 857
153 493
153 528
154 154
155 491
155 983
155 535
155 244
155 570
155 473
156 929
156 466
156 952
157 157
158 230
158 974
158 58
159 744
159 813
160 368
160 26
160 907
160 79
160 371
160 533
160 664
160 342
161 715
161 34
161 259
161 68
161 794
161 429
161 845
161 77
161 232
162 297
162 972
163 425
163 693
164 156
164 688
164 502
165 80
165 585
165 369
166 136
166 294
166 550
167 838
167 270
167 862
168 206
168 332
168 128
168 170
168 614
169 169
170 492
170 614
170 906
170 278
171 528
171 113
171 586
172 619
172 513
173 347
173 69
174 359
174 250
174 383
175 175
176 783
176 957
176 221
176 458
176 24
176 532
177 993
177 261
177 528
178 633
178 978
179 179
180 812
180 9
181 45
181 144
182 965
182 837
183 929
183 164
183 862
184 69
184 393
185 451
185 334
185 343
185 372
185 588
185 525
185 917
186 945
186 355
186 910
186 410
187 115
187 435
188 188
189 304
189 603
189 756
189 413
189 658
190 556
190 480
190 952
191 682
191 956
191 111
191 692
191 600
191 423
191 497
191 904
192 573
192 832
193 301
193 330
193 648
193 338
193 344
193 499
194 207
194 394
194 556
195 553
195 875
195 894
195 415
195 18
195 645
195 558
195 26
196 474
196 592
196 510
197 115
197 583
198 790
198 142
198 654
199 364
199 780
199 260
200 610
200 613
200 574
200 888
200 0
200 259
200 791
200 237
200 120
201 707
201 646
202 764
202 274
203 487
203 918
204 282
204 61
205 78
205 138
206 906
206 170
206 14
206 316
207 576
207 521
207 50
208 172
208 112
209 340
209 13
209 352
210 911
210 563
211 211
212 204
212 460
213 280
213 719
214 125
214 469
214 736
214 691
214 625
214 741
214 882
215 782
215 737
215 328
216 316
216 927
216 306
216 492
217 583
217 272
218 159
218 3
219 514
219 636
219 88
220 370
220 476
220 166
221 574
221 610
221 774
221 638
221 915
221 792
221 669
221 565
221 37
221 783
222 748
222 519
223 223
224 224
225 701
225 50
225 146
226 226
227 166
227 761
227 550
228 266
228 46
229 229
230 804
230 326
230 556
231 231
232 45
232 74
232 503
232 747
232 259
232 900
232 200
232 68
232 77
233 233
234 234
235 839
235 878
236 236
237 745
237 503
237 127
237 0
237 610
237 131
237 845
237 976
237 679
238 238
239 178
239 601
240 145
240 663
241 557
241 253
242 242
243 243
244 724
244 983
244 535
245 573
245 377
246 246
247 483
247 38
248 166
248 694
248 370
249 64
249 189
249 603
249 658
249 304
250 351
250 912
250 383
251 251
252 732
252 449
253 173
253 707
254 541
254 922
254 156
255 989
255 716
256 86
256 400
256 604
257 541
257 681
257 952
258 72
258 660
259 769
259 45
259 120
259 34
259 902
259 715
259 380
259 791
259 747
260 369
260 177
260 141
261 721
261 836
261 271
262 156
262 650
262 576
263 263
264 892
264 538
265 431
265 803
265 586
266 748
266 965
267 267
268 500
268 214
268 736
268 759
268 28
268 469
268 62
269 402
269 595
270 868
270 959
270 207
271 700
271 113
271 171
272 147
272 798
273 273
274 48
274 788
275 772
275 433
275 775
275 492
276 276
277 594
277 106
278 316
278 216
278 775
278 332
279 975
279 145
280 540
280 998
281 281
282 967
282 363
283 283
284 295
284 743
285 583
285 767
286 333
286 144
286 181
286 858
287 841
287 731
288 210
288 563
289 289
290 407
290 641
290 430
291 340
291 688
291 952
292 292
293 176
293 698
293 348
293 915
293 774
293 458
294 220
294 136
294 476
295 743
295 881
296 296
297 377
297 777
298 297
298 623
299 913
299 107
299 80
300 205
300 132
301 96
301 344
301 648
301 338
302 803
302 441
302 165
303 713
303 427
303 521
304 413
304 603
304 932
304 847
304 658
305 305
306 206
306 168
306 278
306 128
306 395
306 332
307 815
307 9
308 828
308 972
309 309
310 462
310 42
311 965
311 137
312 312
313 313
314 172
314 623
315 315
316 927
316 931
316 758
316 433
317 317
318 798
318 235
319 860
319 593
320 790
320 780
320 596
321 361
321 864
322 628
322 73
323 323
324 835
324 416
325 594
325 404
326 406
326 254
326 763
327 327
328 782
328 87
329 921
329 980
329 880
330 615
330 499
330 821
330 301
330 96
330 648
331 287
331 642
332 170
332 923
332 100
332 14
333 855
334 451
335 306
335 206
335 168
335 831
336 336
337 337
338 344
338 96
338 648
338 330
338 615
338 134
339 723
339 985
340 702
340 58
340 506
341 190
341 639
341 465
342 907
342 53
342 368
342 590
342 704
342 553
342 26
342 894
343 588
343 525
343 372
343 334
343 451
344 330
344 615
344 499
344 648
344 134
344 821
345 345
346 393
346 105
347 515
347 377
348 18
348 553
348 638
348 221
348 774
348 792
348 24
348 698
348 669
348 457
348 54
349 446
349 105
350 943
350 862
350 592
351 618
351 41
351 383
352 65
352 350
352 922
353 692
353 497
353 191
353 491
353 956
353 111
353 424
354 203
354 297
355 410
355 945
355 547
355 122
356 563
356 288
357 660
357 820
358 505
358 784
359 728
359 912
359 183
360 360
361 559
361 860
362 747
362 750
362 68
362 127
362 200
362 0
362 232
362 120
362 888
363 969
363 739
364 80
364 265
364 803
365 796
365 10
365 562
365 283
365 443
366 941
366 657
367 367
368 415
368 18
368 992
368 195
368 987
368 40
368 390
368 419
369 659
369 171
369 554
370 166
370 294
370 91
371 342
371 590
371 947
371 664
371 546
371 875
371 390
371 484
372 451
372 588
372 334
373 359
373 523
373 776
374 254
374 209
374 885
375 843
375 255
376 659
376 790
376 19
377 925
377 392
378 195
378 875
378 371
378 390
378 987
378 558
378 816
378 484
379 786
379 346
380 161
380 610
380 74
380 750
380 45
380 237
380 362
380 726
380 200
381 593
381 361
382 382
383 974
383 158
383 456
384 407
384 467
384 695
385 170
385 758
385 278
385 332
386 474
386 665
386 929
387 724
387 855
387 863
387 150
387 333
388 284
388 881
389 389
390 79
390 533
390 18
390 590
390 484
390 160
390 894
390 558
391 631
391 626
392 241
392 354
393 105
393 42
394 406
394 848
394 802
395 931
395 772
395 216
395 332
396 396
397 324
397 752
398 398
399 13
399 250
399 848
400 695
400 877
400 514
401 401
402 595
402 496
403 403
404 864
404 147
405 405
406 399
406 520
406 763
407 641
407 88
407 877
408 408
409 841
409 524
410 539
410 66
410 547
410 910
411 520
411 350
411 665
412 412
413 495
413 249
413 603
413 756
413 658
414 994
414 4
414 428
414 488
414 121
414 602
414 52
414 939
415 992
415 18
415 894
415 664
415 342
415 92
415 645
415 590
416 527
416 784
417 174
417 943
417 885
418 418
419 26
419 415
419 816
419 546
419 992
419 18
419 907
419 371
420 865
420 836
420 67
421 421
422 994
422 109
422 454
422 52
422 414
422 749
422 461
422 121
423 497
423 692
423 450
423 111
423 353
423 956
423 424
424 191
425 961
425 442
426 213
426 743
427 838
427 209
427 763
428 461
428 602
428 488
428 4
428 454
428 121
428 939
428 422
429 853
429 791
429 74
429 34
429 503
429 679
429 0
429 888
429 237
430 407
430 384
430 695
431 727
431 857
431 807
432 432
433 772
433 168
433 332
433 100
434 434
435 404
435 583
436 204
436 635
437 437
438 953
438 764
439 668
439 970
439 373
440 814
440 115
441 768
441 630
441 265
442 568
442 961
443 10
443 283
443 796
444 444
445 445
446 487
446 753
447 447
448 448
449 511
449 118
450 956
450 497
450 111
450 682
450 424
450 353
450 191
450 692
451 451
452 957
452 689
452 457
452 915
452 54
452 698
453 453
454 602
454 414
454 15
455 633
455 108
456 713
456 884
456 196
457 176
457 792
457 991
457 532
457 54
457 783
458 982
458 532
458 915
458 452
458 638
458 991
459 771
459 581
460 363
460 789
461 749
461 488
461 602
461 454
461 939
461 414
461 4
461 15
462 496
462 347
463 940
463 511
464 695
464 86
464 684
465 207
465 968
465 383
466 465
466 50
466 351
467 88
467 627
467 430
468 404
468 656
469 736
469 500
469 672
469 759
469 964
469 691
469 882
470 700
470 80
470 913
471 471
472 472
473 976
473 535
473 244
473 983
474 156
474 639
474 58
475 475
476 91
476 166
476 227
477 773
477 644
478 478
479 479
480 406
480 65
480 536
481 481
482 770
482 266
483 856
483 266
484 415
484 670
484 947
484 533
484 645
484 987
484 704
484 18
485 736
485 882
485 469
485 741
485 500
485 62
485 672
486 439
486 912
486 618
487 646
487 777
488 454
488 4
488 602
488 422
488 15
489 130
489 712
490 178
490 108
491 424
491 600
491 692
491 682
491 450
491 423
491 956
491 497
492 614
492 923
492 927
492 931
493 302
493 67
493 981
494 494
495 249
495 603
495 658
495 64
495 304
496 393
496 918
497 424
497 111
497 692
497 956
498 844
498 25
499 821
499 648
499 301
499 134
499 96
499 338
500 964
500 759
500 691
500 125
500 214
500 882
500 741
501 501
502 386
502 970
502 929
503 161
503 769
503 574
503 120
503 726
503 77
503 845
503 0
503 74
504 661
505 752
505 889
506 257
506 552
506 386
507 282
507 459
508 632
508 11
509 959
509 572
509 167
510 523
510 359
510 868
511 138
511 132
512 192
512 393
513 48
513 130
514 627
514 290
514 36
515 310
515 918
516 719
516 126
517 533
517 415
517 26
517 907
517 664
517 368
517 390
517 947
518 326
518 974
518 506
519 483
519 826
520 225
520 164
520 326
521 262
521 81
521 340
522 522
523 713
523 341
523 439
524 897
524 812
525 372
525 588
525 334
525 451
526 770
526 869
527 548
527 544
528 198
528 33
528 857
529 173
529 279
530 530
531 258
531 969
532 452
532 348
532 37
532 24
532 991
532 982
533 371
533 92
533 664
533 53
533 816
533 419
533 704
533 558
534 534
535 900
535 983
536 502
536 456
536 164
537 537
538 869
538 266
539 829
539 547
539 56
539 355
540 426
540 944
541 536
541 41
541 262
542 911
543 543
544 397
544 842
545 22
545 500
545 759
545 485
545 268
545 469
545 736
546 484
546 18
546 415
546 26
546 517
546 947
546 894
546 907
547 829
547 186
547 122
547 66
548 784
548 752
549 531
549 436
550 136
550 370
550 954
551 314
551 489
552 618
552 480
552 257
553 546
553 415
553 533
553 484
553 816
553 907
553 419
553 590
554 577
554 857
554 165
555 307
555 657
556 41
556 158
556 352
557 953
557 914
558 816
558 517
558 371
558 368
558 160
558 992
558 484
558 53
559 593
559 860
560 975
560 786
561 561
562 10
562 443
562 796
562 283
563 911
564 564
565 957
565 792
565 293
565 783
565 915
565 982
566 566
567 567
568 163
568 255
569 258
569 581
570 883
570 473
570 244
570 535
570 983
571 571
572 386
572 465
572 681
573 253
573 314
574 232
574 362
574 679
574 613
574 624
574 127
574 77
574 161
574 259
575 938
575 297
576 970
576 58
576 536
577 768
577 790
577 721
578 627
578 384
578 636
579 579
580 580
581 660
581 436
582 809
582 325
583 864
583 798
584 117
584 307
585 177
585 364
585 913
586 585
586 199
586 700
587 781
587 977
587 949
587 11
587 961
588 334
588 451
589 551
589 310
590 558
590 378
590 18
590 26
590 987
590 875
590 195
590 484
591 89
591 318
592 509
592 466
592 406
593 809
593 321
594 197
594 597
595 438
595 663
596 836
596 577
596 586
597 114
597 235
598 598
599 599
600 424
600 497
600 423
600 450
600 904
600 111
600 353
600 682
601 455
601 851
602 422
602 15
603 932
603 756
603 658
603 847
603 64
604 384
604 464
604 47
605 605
606 606
607 374
607 974
607 618
608 608
609 609
610 503
610 131
610 794
610 853
610 750
610 34
610 888
610 715
610 791
611 832
611 751
612 777
612 245
613 232
613 900
613 845
613 429
613 68
613 127
613 747
613 237
613 131
614 216
614 59
614 306
614 278
615 785
615 193
615 301
615 648
615 134
615 499
616 616
617 714
617 937
618 668
618 230
618 576
619 279
619 208
620 620
621 643
621 998
622 440
622 559
623 589
623 764
624 900
624 127
624 769
624 902
624 45
624 120
624 131
624 613
624 888
625 485
625 500
625 691
625 882
625 964
625 22
625 736
626 354
626 152
627 86
627 684
627 464
628 632
628 101
629 629
630 320
630 431
630 260
631 347
631 245
632 937
632 933
633 239
633 601
634 634
635 581
635 282
636 88
636 684
636 464
637 880
637 921
637 329
638 888
638 362
638 669
638 176
638 957
638 24
638 792
638 698
639 383
639 521
639 65
640 877
640 384
640 430
641 400
641 256
641 47
642 287
642 813
643 799
643 295
644 643
644 854
645 670
645 26
645 92
645 987
645 558
645 553
645 546
645 704
646 612
646 184
647 647
648 96
649 129
649 952
649 383
650 681
650 399
650 728
651 651
652 652
653 266
653 46
654 165
654 44
654 302
655 655
656 559
656 404
657 934
657 409
658 932
659 721
659 260
659 441
660 789
660 967
661 887
662 402
662 253
663 589
663 972
664 894
664 546
664 53
664 419
664 553
664 368
664 704
664 987
665 303
665 890
665 81
666 666
667 809
667 35
668 13
668 386
668 899
669 176
669 293
669 532
669 915
669 458
669 565
670 517
670 415
670 704
670 553
670 590
670 664
670 371
670 816
671 671
672 28
672 268
672 500
672 545
672 625
672 214
672 882
673 673
674 138
674 205
675 675
676 676
677 836
677 654
677 302
678 678
679 45
679 77
679 747
679 900
679 791
679 68
679 161
679 624
679 503
680 680
681 929
681 65
681 50
682 692
682 956
682 424
682 423
682 353
682 904
682 111
682 497
683 834
683 653
684 36
684 290
684 604
685 725
685 498
686 274
686 346
687 687
688 41
688 649
688 417
689 915
689 565
689 792
689 774
689 982
689 638
690 507
690 722
691 882
691 268
691 545
691 485
691 964
691 62
691 125
692 424
692 600
693 29
693 375
694 227
694 220
694 294
695 467
695 963
695 684
696 696
697 697
698 783
698 565
698 915
698 221
698 982
698 176
699 442
699 632
700 260
700 113
700 577
701 541
701 373
701 262
702 262
702 523
702 665
703 708
703 548
704 53
704 875
704 553
704 26
704 92
704 378
704 195
704 415
705 505
705 397
706 706
707 130
707 832
708 705
708 827
709 804
709 196
709 465
710 318
710 809
711 711
712 308
712 529
713 804
713 572
713 960
714 322
714 693
715 845
715 503
715 429
715 794
715 237
715 888
715 34
715 574
715 200
716 70
716 508
717 717
718 718
719 621
719 126
720 837
720 222
721 71
721 113
721 836
722 793
722 549
723 985
723 247
724 333
724 855
725 498
725 25
726 429
726 853
726 679
726 902
726 232
726 34
726 613
726 131
726 200
727 19
727 44
727 165
728 713
728 804
728 474
729 729
730 730
731 524
731 642
732 132
732 138
733 341
733 802
733 158
734 927
734 332
734 216
734 433
735 882
735 858
735 144
735 181
735 286
736 62
736 22
736 28
736 882
736 964
736 500
736 759
737 87
737 328
737 782
738 738
739 16
739 459
740 306
740 395
740 278
740 128
741 469
741 545
741 672
741 268
741 691
741 22
741 736
742 742
743 854
743 799
744 657
744 813
745 791
745 853
745 624
745 613
745 74
745 131
745 362
745 679
745 259
746 208
746 354
747 574
747 131
747 794
747 74
747 0
747 610
747 503
747 161
747 77
748 683
748 823
749 454
749 602
749 428
749 488
749 15
749 109
749 52
749 4
750 77
750 769
750 200
750 976
750 747
750 624
750 237
750 902
750 853
751 575
751 202
752 889
752 827
753 279
753 184
754 754
755 184
755 208
756 932
756 847
756 495
756 658
756 249
757 757
758 59
758 14
758 740
758 332
759 485
759 672
759 125
759 882
759 62
759 214
759 22
760 760
761 370
761 954
761 136
762 126
762 280
763 848
763 250
763 383
764 203
764 130
765 765
766 329
766 76
766 921
767 622
767 809
768 721
768 596
768 819
769 232
769 200
769 791
769 120
769 362
769 161
769 34
769 679
769 747
770 834
770 869
771 739
771 436
772 128
772 614
772 906
772 385
773 516
773 540
774 558
774 610
774 638
774 457
774 669
774 532
774 54
774 24
774 458
775 772
775 128
775 395
775 316
776 556
776 406
776 456
777 347
777 308
778 555
778 841
779 779
780 113
780 577
780 171
781 375
781 948
782 782
783 982
783 532
783 792
783 458
783 54
783 957
784 889
784 544
785 330
785 344
785 134
785 499
785 301
785 648
786 105
786 938
787 787
788 515
788 972
789 549
789 436
790 721
790 654
790 727
791 0
791 726
791 232
791 237
791 845
791 161
791 902
791 74
791 715
792 951
792 37
792 176
792 698
792 532
792 991
793 771
793 258
794 362
794 120
794 503
794 888
794 853
794 679
794 237
794 769
794 131
795 795
796 283
797 797
798 89
798 597
799 540
799 280
800 800
801 417
801 174
801 394
802 649
802 929
802 207
803 768
803 165
803 993
804 922
804 340
804 639
805 805
806 806
807 913
807 261
807 80
808 411
808 668
808 406
809 187
809 321
810 810
811 811
812 897
812 744
813 3
813 934
814 891
814 809
815 287
815 941
816 18
816 371
816 907
816 517
816 546
816 40
816 160
816 704
817 455
817 490
818 411
818 733
818 868
819 107
819 142
819 199
820 771
820 212
821 615
821 96
821 193
821 338
821 301
821 648
822 822
823 985
823 869
824 935
824 354
825 825
826 965
826 182
827 397
827 705
828 391
828 60
829 355
829 17
829 99
829 410
830 830
831 306
831 168
831 206
832 314
832 42
833 833
834 222
834 339
835 708
835 784
836 857
836 630
836 198
837 519
837 874
838 518
838 196
838 65
839 272
839 809
840 583
840 98
841 366
841 642
842 827
842 705
843 933
843 103
844 870
844 725
845 232
845 45
845 900
845 769
845 976
845 610
845 726
845 74
845 380
846 846
847 189
847 413
847 495
847 249
847 658
848 207
848 427
848 728
849 664
849 574
849 348
849 774
849 221
849 638
850 850
851 455
851 817
852 852
853 131
853 503
853 34
853 769
853 715
853 68
853 747
853 380
853 77
854 799
854 621
855 855
856 137
856 143
857 865
857 768
857 141
858 894
858 144
858 181
859 859
860 839
860 318
861 865
861 836
861 260
862 129
862 868
862 374
863 855
863 333
863 724
864 559
864 593
865 554
865 431
865 71
866 866
867 867
868 13
868 639
868 804
869 720
869 143
870 685
870 63
871 871
872 872
873 827
873 705
874 856
874 264
875 670
875 79
875 546
875 160
875 533
875 368
875 664
875 894
876 876
877 627
877 695
877 95
878 361
878 656
879 879
880 766
880 980
880 76
881 998
881 540
882 545
882 964
882 268
882 741
883 863
883 150
883 855
883 333
883 387
883 724
884 974
884 702
884 968
885 326
885 541
885 183
886 886
887 542
888 853
888 750
888 679
888 232
888 0
888 161
888 34
888 380
888 747
889 358
889 708
890 417
890 439
890 556
891 435
891 593
892 135
892 38
893 893
894 645
894 704
894 92
894 670
894 533
894 40
894 378
894 558
895 895
896 896
897 366
897 409
898 392
898 241
899 639
899 225
899 607
900 200
900 726
900 791
900 74
900 888
900 0
900 747
900 715
900 161
901 901
902 976
902 747
902 127
902 362
902 888
902 610
902 574
902 679
902 769
903 903
904 497
904 491
904 423
904 692
904 111
904 424
904 353
904 450
905 905
906 740
906 332
906 492
906 923
907 664
907 92
907 40
907 590
907 371
907 484
907 894
907 670
908 908
909 909
910 66
910 547
910 945
910 17
911 288
911 356
911 926
912 649
912 510
912 257
913 819
913 659
913 33
914 612
914 764
915 783
915 991
915 532
915 774
915 176
915 638
916 916
917 334
917 451
917 588
917 525
917 343
917 372
918 512
918 42
919 919
920 844
920 685
921 880
922 639
922 230
922 474
923 316
923 927
923 772
923 758
924 924
925 446
925 349
926 97
927 385
927 433
927 758
927 740
928 928
929 417
929 899
929 639
930 930
931 385
931 332
931 927
931 306
932 847
932 249
932 413
932 189
932 495
933 55
933 11
934 897
934 584
935 314
935 914
936 936
937 699
937 70
938 48
938 828
939 602
939 15
939 121
939 749
939 454
939 422
939 109
939 488
940 449
940 511
941 331
941 180
942 333
942 855
942 863
942 387
942 83
942 724
942 150
942 883
943 373
943 209
943 230
944 643
944 280
945 829
945 56
945 66
945 547
946 946
947 419
947 79
947 40
947 907
947 590
947 368
947 26
947 875
948 442
948 714
949 781
949 632
949 568
950 950
951 783
951 293
951 669
951 915
951 698
951 565
952 650
952 406
952 576
953 935
953 201
954 248
954 136
954 227
955 274
955 123
956 600
956 692
956 904
956 424
957 457
957 293
957 458
957 669
957 792
957 348
958 61
958 549
959 848
959 701
959 194
960 474
960 649
960 190
961 948
961 716
962 962
963 514
963 684
963 578
964 741
964 214
964 125
964 268
964 545
964 672
964 485
965 228
965 339
966 966
967 722
967 61
968 518
968 733
968 890
969 793
969 61
970 167
970 804
970 196
971 971
972 112
972 240
973 988
973 124
974 439
974 291
974 960
975 918
975 777
976 34
976 574
976 503
976 888
976 900
976 726
976 745
976 232
976 380
977 2
977 949
977 781
978 455
978 490
979 203
979 575
980 921
980 766
980 637
981 861
981 585
981 199
982 24
982 348
982 669
982 951
982 638
982 792
983 378
984 984
985 837
985 182
986 986
987 415
987 160
987 92
987 704
987 342
987 517
987 894
987 947
988 507
988 43
989 103
989 11
990 842
990 835
991 638
991 951
991 24
991 698
991 452
991 982
992 907
992 533
992 26
992 53
992 390
992 517
992 670
992 987
993 94
993 807
993 364
994 454
994 749
994 4
994 602
994 939
994 461
994 488
994 428
995 883
995 150
995 942
995 333
995 863
995 855
995 724
995 387
996 197
996 114
997 997
998 126
998 540
999 999
